20
20
8
8
8
9
8
9
9
8
8
8
8
8
9
9
8
8
8
8
8
8
9
2
1
1
8
1
1
1
1
1
7
1
1
1
1
7
1
7
1
9
9
1
1
1
8
1
1
1
1
1
7
1
1
1
1
1
1
1
1
9
8
1
1
1
8
7
7
7
7
7
8
1
1
1
7
1
1
1
7
8
8
1
1
1
8
1
1
1
1
1
8
1
1
1
1
7
7
7
1
8
8
7
7
7
8
2
1
1
1
2
8
9
1
8
7
8
8
8
8
8
9
1
1
1
7
1
1
1
1
1
8
1
1
1
1
1
8
3
2
8
9
1
1
1
8
8
9
9
9
9
8
1
1
1
1
1
8
1
1
8
8
1
1
8
9
1
1
7
1
1
8
7
8
8
9
8
8
1
1
8
8
1
1
1
1
1
1
7
1
1
5
1
1
1
1
1
7
1
1
9
8
7
7
9
1
3
1
7
1
4
1
1
9
1
1
1
7
1
1
9
8
1
1
8
7
8
7
8
7
9
1
1
7
1
1
8
8
8
9
8
8
1
1
1
1
8
1
2
3
8
9
9
8
1
1
8
2
1
1
8
9
1
1
1
1
7
1
1
1
9
1
1
1
1
1
7
2
7
7
8
9
1
1
1
1
7
1
1
1
9
1
1
1
8
8
8
8
7
1
8
8
9
9
9
9
8
8
8
8
8
1
1
1
9
1
1
7
1
1
8
8
3
1
7
1
1
8
1
1
1
1
6
1
8
1
1
8
1
9
8
9
1
1
7
1
1
9
1
1
8
1
1
1
8
1
1
8
1
1
8
9
2
1
7
1
1
1
1
1
9
1
1
1
1
1
1
7
1
1
9
8
8
8
8
8
8
8
8
8
8
8
8
8
8
8
8
8
9
8
8